EffectColorA: 21
PlacedObjects: LanternOnStick><666.5449><239.0781><18.49792~-125.5323, LanternOnStick><581.9775><442.182><23.47809~-121.2635, LanternOnStick><374.035><309.1373><5.691681~-176.0458, LanternOnStick><926.576><476.6611><28.4585~-104.9, LanternOnStick><900.0579><291.2039><-15.6521~-183.1604, LanternOnStick><358.041><540.71><-58.33957~-140.4729, CustomDecal><817.3204><361.9361><-10.67181~30.03958~90.51361~67.03546~106.8769~31.30423~-119.525~-367.1125~0~0.07974442~0~scav wedges~0.7087973~0.479461~0.7319973~0.479461~0.708796~0.479461~0.6391987~0.479461, CustomDecal><354.2251><385.3157><10.67184~30.03961~101.8969~7.272858~93.35938~-21.34378~-100.3156~-396.9938~0~0.09521087~0~scav wedges2~0.4922664~0.3247966~0.6701315~0.3247966~0.817063~0.3247966~0.6314651~0.3247966, CustomDecal><177.5859><535.5782><1.422913~28.61664~155.2563~16.52191~143.1615~-10.67188~10.67188~-481.6573~0~0.09521084~0~scav wedges2~0.5154661~0.4794607~0.6237322~0.4794607~0.6546651~0.4794607~0.3762677~0.4794607, CustomDecal><127.5438><386.4177><-8.537506~163.0824~989.7969~158.8136~971.299~-9.96048~31.30414~-431.1437~0.6573252~1~0~scav wedges~0.4613334~0.6263927~0.5541334~0.8429236~0.4845344~0.7887911~0.3453344~0.556794, 
FadePalette: 35, 0.2065217
