OFFSCREENDEN_SLX: -282.25><523><14.92566><118.4536><1><
SLX_H03: 282><-522><-14.92564><-118.4536><0><
