Template: NONE
DangerType: Sandstorm
CeilingDrips: 0
WaveSpeed: 0.4968637
WaveLength: 0.9984319
WaveAmplitude: 0.02213323
SecondWaveLength: 0.1666667
SecondWaveAmplitude: 0
Palette: 73
Effects: Bloom-0.3804348-20-20, BrokenZeroG-0.6521739-30-30, SSSwarmers-0.8586956-315-158, 
PlacedObjects: LightFixture><332.5923><368.6229><RedLight~17.32051~-10~47, LightSource><479.1253><350.3724><1~Environment~-2~259~50~86.60254~0~0~None~0.4499863~0, 
FadePalette: 12, 0.1847826
MorePalette0: 50, 0.1630435
