Template: NONE
DangerType: Sandstorm
CeilingDrips: 0
WaveSpeed: 0.5
WaveLength: 0.75
WaveAmplitude: 0.0480924
SecondWaveLength: 0.1666667
SecondWaveAmplitude: 0
Grime: 0.2391304
Palette: 12
Effects: SandPuffs-1-20-20, 
PlacedObjects: FloatingDebris><208.3222><405.9366><-296~111~11718476~30~30~0.25~0.5~6~126|573~176|159~0.5|0.25~0|0~-0.72|-0.59~Stardust~0.5~0v2.15v0v0|0v3.41v0v0~0, 
FadePalette: 10, 0.2826087, 0.3369565, 0.3804348
