Template: NONE
DangerType: Sandstorm
CeilingDrips: 0
RumbleIntensity: 0.1029441
WaveSpeed: 0.4980645
WaveLength: 0.9990323
WaveAmplitude: 0.04880731
SecondWaveLength: 0.1666667
SecondWaveAmplitude: 0
Clouds: 0.409862
Grime: 0.4149349
Palette: 1000
EffectColorA: 21
EffectColorB: 21
Effects: SandPuffs-1-30-30, Fog-0.3015964-40-40, SurfaceSandstorm-0.3093297-20-20, 
PlacedObjects: LanternOnStick><235.6788><1150.741><6.403198‾-143.3187, LanternOnStick><404.98><1000.95><-27.03545‾-105.6115, LanternOnStick><246.4062><793.1916><-29.88129‾-116.2834, LanternOnStick><341.0754><635.2234><8.537537‾-146.8762, LanternOnStick><471.476><508.6199><-41.26459‾-164.6625, LanternOnStick><854.9786><517.897><-7.825989‾-129.8011, LanternOnStick><347.3598><285.3122><8.537476‾-172.4886, LanternOnStick><460.8548><249.7173><-16.36353‾-139.05, LanternOnStick><671.3884><406.477><17.78644‾-114.8604, DangleFruit><112.653><1198.925><-165‾204‾2‾3, DangleFruit><142.8079><1292.944><-218‾21‾2‾3, DangleFruit><464.2809><1408.448><-259‾-36‾2‾3, CustomDecal><268.4246><539.6525><-10‾-592‾170‾-572‾176‾270‾-341‾-377‾0.326087‾1‾0‾rustb2‾1‾0.5434783‾0.8260869‾0.5434783‾0‾0.5434783‾0‾0.5434783, CustomDecal><378.924><433.3917><-27‾-371‾357‾-188‾299‾84‾-311‾-48‾0‾1‾0‾rustb3‾0.6413044‾0.6739131‾0‾0.7826087‾0.6521739‾0.7826087‾0.3913043‾0.7826087, CustomDecal><610.5839><572.8885><-12‾-347‾274‾-395‾277‾185‾-382‾-458‾0‾1‾0‾rustb1‾0.5869565‾0.6304348‾0.7717391‾0.6304348‾0‾0.6304348‾0‾0.6304348, InsectGroup><384.483><401.8007><49‾108‾0‾0‾StandardFly‾0.1630435, InsectGroup><780.9018><1321.326><-50‾127‾0‾0‾Ant‾1, CustomDecal><685.7726><366.6798><-9.24884‾35.73126‾147.4302‾42.84576‾146.7188‾6.403107‾-294.5439‾160.0782‾0‾0.07201087‾0‾scav wedges‾0.5927987‾0.2165308‾0.5927987‾0.2165308‾0.5927987‾0.2165308‾0.5927987‾0.2165308, CustomDecal><292.4928><372.8899><17.78656‾37.15421‾298.9708‾-88.77399‾281.1846‾-131.6198‾-294.5439‾160.0782‾0‾1‾0‾scav wedges2‾0.5154665‾0.1701315‾0.5154665‾0.1701315‾0.5154665‾0.1701315‾0.5154665‾0.1701315, CustomDecal><286.6473><129.321><39.84189‾8.6959‾-26.16559‾353.7531‾-66.71857‾355.0178‾218.4175‾125.9282‾0‾0.3736075‾0‾scav wedges2‾0.6601244‾0.2551979‾0.6056054‾0.2551979‾0.3426739‾0.2551979‾0.3968062‾0.2551979, CustomDecal><160.8729><970.2927><26.32407‾39.28857‾264.1094‾-78.10216‾242.7657‾-132.3313‾-294.5439‾160.0782‾0‾0.3117414‾0‾scav wedges‾0.4304002‾0.2087976‾0.4458668‾0.2087976‾0.4536‾0.2087976‾0.2834687‾0.2087976, 
AmbientSounds: SPOT><SO_IND-Fridge.ogg><760.4409><370.0598><0.1956522><1.156522><800.4409><360.0598><-35.35534><-35.35534><0><0.3500001, OMNI><RWTW_DustStorm_Deep.ogg><749.8699><534.392><0.1442712><1, 
FadePalette: 35, 0.2010644, 0.2010642
