Template: hix_settingstemplate_outside
DangerType: Sandstorm
CeilingDrips: 0
RumbleIntensity: 0.1029438
WaveSpeed: 0.4922903
WaveLength: 0.7632285
WaveAmplitude: 0.04940138
SecondWaveLength: 0.1666667
SecondWaveAmplitude: 0
Clouds: 0.4098617
EffectColorA: 21
EffectColorB: 21
Effects: SurfaceSandstorm-1-20-20, ModifyEffectColorB-0,0.5,0.2757366-308.8917-112.5292, SandPuffs-1-30-30, Fog-0.3015964-40-40, 
PlacedObjects: CustomDecal><310.3696><1142.402><-20~387~187~510~158~-33~-370.8656~-217.1729~0.6304348~1~0~rust1~0.5~0.8695652~0.5~0.8695652~0.2065217~0.8695652~0.5652174~0.8695652, CustomDecal><678.0038><286.95><-58~158~190~183~194~-14~-363.1542~-160.9406~0.2173913~1~0~junkgraffiti6~0.4673913~0.5810686~0.4565217~0.5810686~1~0.5810686~0.5108696~0.5810686, CustomDecal><692.5501><319.2562><-3~91~98~102~105~-9~-716.7708~-14.38751~0.326087~0.3913043~0~whitetag~0.1701312~1~0.1701312~1~0.1701312~1~0.1701312~1, InsectGroup><735.0502><359.492><74~118~-290~332~StandardFly~0.1306497, FloatingDebris><171.5617><1281.818><550.8667~-162.726~950315021~0~30~0.6443959~2.24518~44~-216.4813|372.8041|1018.295~210.0781|51.42285|210.7893~1.567187|1.559082|1.900584~-1.003156|-0.5122491|-0.6901135~0.09248955|-0.08537476|0.1849792~Stardust~0.5978712~-0.3913022v1.593667v0v0|-0.1920935v2.511448v0v0|-0.09248901v1.849792v0v0~0, FloatingDebris><201.4339><533.4573><589.2869~393.0647~861841725~11~30~0.7139959~2.291577~44~-276.2437|321.5793|959.9556~449.8395|295.4531|451.2625~2.47074|1.843667|1.473709~6.84423|0|0.1280621~-0.1636354|-0.3272705|-0.2988122~Stardust~0.5386658~0.1209479v2.504332v0v0|0.09960449v4.901948v0v0|0.2347809v2.518561v0v0~0, FloatingDebris><431.2271><313.4739><312.5282~-206.2677~163174034~14~30~0.6675906~2.245176~44~-507.468|92.49023|661.8547~100.5135|-15.45421|283.3584~1.332407|1.843667|1.736947~-0.01422935|0.3984161|2.105917~0.2418958|0.156521|0.2632397~Stardust~0.5541316~-0.1707499v1.84979v0v0|-0.270354v0.6758862v0v0|-0.1422913v1.330428v0v0~0, LanternOnStick><969.524><499.9999><-14.22913~-184.5833, 
AmbientSounds: OMNI><RWTW_DustStorm_Deep.ogg><714.5645><532.4916><0.3376027><1, 
