Template: NONE
DangerType: Sandstorm
CeilingDrips: 0
WaveSpeed: 0.5
WaveLength: 1
WaveAmplitude: 0.04828316
SecondWaveLength: 0.1666667
SecondWaveAmplitude: 0
Grime: 0.1956522
Palette: 73
Effects: LightBurn-0.2826087-20-20, SandPuffs-1-30-30, 
FadePalette: 12, 0.1630435
MorePalette0: 50, 0.1413043
