Template: NONE
CeilingDrips: 0
Clouds: 0.3325295
Grime: 0.1520041
Palette: 73
EffectColorA: 0
Effects: LightBurn-0.2887114-20-20, SandPuffs-1-30-30, 
FadePalette: 12, 0.09279925, 0.09279858, 0.09279858, 0.09279858, 0.09279925, 0.09279858
MorePalette0: 50, 0.1623986, 0.1623986, 0.162398, 0.162398, 0.162398, 0.162398
