Template: NONE
Grime: 0.2826087
Palette: 50
PlacedObjects: FloatingDebris><1068.096><-14.87732><-247~164~1331166348~0~30~3~3~35~-1232|29~704|2~0.5|0.25~0|0~-2.56|-1.48~Stardust~0.5~0.88v2.58v0v0|0v4.99v0v0~0, FloatingDebris><123.054><1006.21><83~125~266523886~0~0~3~3~19~-245|582~480|114~0.5|0.25~0|0~-0.69|-0.96~Stardust~1~0.6v2.11v0v0|0.06v5.52v0v0~0, DeadTokenStalk><231.5849><993.8189><59~-57, DeadTokenStalk><244.516><1035.199><63~-93, DeadTokenStalk><218.6722><925.4343><74~-4, DeadTokenStalk><289.8344><1124.112><25~-184, SuperSlope><1192.021><70.30115><715~518~73, SuperSlope><1086.732><216.3008><772~550~79, ColoredSnowSource><441.8438><1118.875><100~50~1~53~100~Radial~False~877^-780, ColoredSnowGroup><839.4485><1149.475><100~50~1~0~30~C1A9A4~255~FFFFFF~255, CustomDecal><46.80124><916.4778><-4~768~1002~764~1008~-4~0~0~0~1~0~rf_sand~0.4673913~1~0.4673913~1~0.4673913~1~0.4673913~1, CustomDecal><887><922><-4~768~1002~764~1303~-28~0~0~0~0.3152174~0~rf_sand~0.1956522~1~0.1956522~1~0.1956522~1~0.1956522~1, CustomDecal><204.3852><322.9138><23~629~1181~625~1255~-101~215~-101~0~1~0~rf_sand~0.2826087~1~0.2826087~1~0.2826087~1~0.2826087~1, 
FadePalette: 12, 0.2391304, 0.1956522, 0.173913, 0.09782609
