Template: NONE
DangerType: Sandstorm
CeilingDrips: 0
WaveSpeed: 0.509545
WaveLength: 0.9952275
WaveAmplitude: 0.02058658
SecondWaveLength: 0.1666667
SecondWaveAmplitude: 0
Palette: 1000
Effects: WaterDepth-0-20-20, SandPuffs-1-30-30, 
AmbientSounds: OMNI><RWTW_DustStorm_Deep.ogg><761.6131><536.5409><0.1442705><1, 
FadePalette: 35, 0.4098615
