EffectColorA: 21
PlacedObjects: GooDrips><368.1349><338.4106><0~100~85.375~84.66351~0.2370698, BrainMold><344.1157><313.4743><-118.8136~-1.738556, 
FadePalette: 35, 0.2087975, 0.2087975
