Template: hix_settingstemplate_outside
RumbleIntensity: 0.1029441
WaveSpeed: 0.5
WaveLength: 0.75
WaveAmplitude: 0.04601168
SecondWaveLength: 0.1666667
SecondWaveAmplitude: 0
Clouds: 0.409862
Effects: SurfaceSandstorm-0.3093297-20-20, 
FadePalette: 35, 0.409862, 0.409862, 0.4098617
