Template: hix_settingstemplate_outside
DangerType: Sandstorm
CeilingDrips: 0
RumbleIntensity: 0.1029438
WaveSpeed: 0.4922903
WaveLength: 0.7632285
WaveAmplitude: 0.04940138
SecondWaveLength: 0.1666667
SecondWaveAmplitude: 0
Clouds: 0.4098617
EffectColorA: 21
EffectColorB: 21
Effects: SurfaceSandstorm-1-20-20, ModifyEffectColorB-0,0.5,0.2757366-308.8917-112.5292, SandPuffs-1-30-30, Fog-0.3015964-40-40, 
PlacedObjects: CustomDecal><310.3696><1142.402><-20~387~187~510~158~-33~-373~-45~0.6304348~1~0~rust1~0.5~0.8695652~0.5~0.8695652~0.2065217~0.8695652~0.5652174~0.8695652, CustomDecal><678.0038><286.95><-58~158~190~183~194~-14~-363.1542~-160.9406~0.2173913~1~0~junkgraffiti6~0.4673913~0.5810686~0.4565217~0.5810686~1~0.5810686~0.5108696~0.5810686, CustomDecal><692.5501><319.2562><-3~91~98~102~105~-9~-716.7708~-14.38751~0.326087~0.3913043~0~whitetag~0.1701312~1~0.1701312~1~0.1701312~1~0.1701312~1, InsectGroup><735.0502><359.492><74~118~-290~332~StandardFly~0.1306497, FloatingDebris><160.1784><1278.261><636.2418~-16.87708~950315021~5~30~0.5515972~1.154791~63~-306.125|1057.227~-29.68329|-58.14175~2.001177|1.843667~0.8679791|0.4268762~-0.1636354|-0.3272705~Stardust~0.5~0.1209479v6.175457v0v0|0.09960449v4.901948v0v0~0, FloatingDebris><172.9677><739.0687><504.6219~351.6584~861841725~14~30~0.5515972~1.154791~63~-306.125|1061.496~-29.68329|-28.26044~2.001177|1.843667~5.876646|0~-0.1636354|-0.3272705~Stardust~0.5~0.1209479v6.175457v0v0|0.09960449v4.901948v0v0~0, FloatingDebris><143.7979><336.2406><504.6219~351.6584~163174034~14~30~0.5515972~1.154791~63~-306.125|1060.785~-29.68329|-23.28024~2.001177|1.843667~0|0~-0.1636354|-0.3272705~Stardust~0.5~0.1209479v6.175457v0v0|0.09960449v4.901948v0v0~0, LanternOnStick><969.524><499.9999><-14.22913~-184.5833, 
AmbientSounds: OMNI><RWTW_DustStorm_Deep.ogg><714.5645><532.4916><0.3376027><1, 
