EffectColorA: 10
PlacedObjects: LanternOnStick><588.4627><444.9822><18.49792~-178.1802, LanternOnStick><313.4967><277.2238><-39.84167~-151.8563, CustomDecal><389.6458><328.0027><0~40~148.8531~20.07916~142.45~-17.78644~276.7573~-47.66772~0~0.06427798~1~scav wedges2~0.8325301~0.3711946~0.6546644~0.2242644~0.5309315~0.363463~0.3530685~0.1855973, 
FadePalette: 35, 0.2087976
