Grime: 0.2826087
BkgDroneVolume: 0.2469565
EffectColorA: 10
EffectColorB: 2
PlacedObjects: CustomDecal><214.4398><235.8093><-140~243~381~354~302~-55~227~10.99998~0.2717391~1~0~rustymetal(var)~0.6956522~0~0.3478261~0~0.3478261~0~0.3478261~0, LanternOnStick><413.45><464.9998><-60~-166, LanternOnStick><671.4357><452.8192><49.32813~-137.2687, LanternOnStick><164.3003><476.5107><27~-115, CustomDecal><231.62><444.1968><-13.51773~39.28851~187.2719~64.18958~190.8292~20.63232~71.85736~-448.9303~0~0.07201153~0~scav wedges~0.5464~0.7655911~0.7087979~0.7655911~0.8325301~0.7655911~0.7861308~0.7655911, CustomDecal><520.8707><341.5168><-7.114563~36.44269~166.6396~72.01563~172.3312~29.16977~-515.8073~-202.0543~0~0.07201153~0~scav wedges2~0.6056044~0.7655911~0.4896058~0.7655911~0.7370698~0.7655911~0.7293366~0.7655911, DangleFruit><131.6909><467.1904><-244~64~2~3, DangleFruit><165.0502><523.2596><-309~-90~2~3, CustomDecal><1003.7><160.0048><-26~323~-294~318~-723~134~-117.1896~-417.9761~0.05434782~0.3478261~0~ghostgraffiti~0.2207429~0.5978261~0.2207429~0.5978261~0.2207429~0.5978261~0.2207429~0.5978261, CustomDecal><254.3058><337.5479><0~137~254~137~254~0~270.4468~-496.2021~0.326087~0.4456522~0~cartoonmouth~0.3181842~0~0.5443394~0~0~0.3695652~0.5514719~0.5869565, CustomDecal><136.3109><370.8095><0~87~203~84~173~-12~259.5449~-418.1989~0.326087~0.326087~0~whitetag5~0.1546644~0~0.3866617~0~0.4485275~0.9565217~0.2010637~0.6739131, CustomDecal><132.5502><253.2599><0~200~351~200~351~0~448.4114~-268.1635~0.2934783~0.3586957~0~greysnoopy~0.6324947~0.8260869~0.1984034~0.8260869~0~0.8260869~0.4253288~0.8260869, CustomDecal><97.81567><144.8277><-13~477~473~399~419~-30~420~-104~0~1~0~rust1~1~1~0~1~1~1~0.1461162~1, CustomDecal><949.8955><282.4205><0~117.1348~-261.1716~127.1348~-283.1716~6~-733~-173~0.2934783~1~0~whitebigtag~0.1944063~0.5869565~0.1597376~0.5978261~0.2866058~1~0.1967276~0.6630435, CustomDecal><718.3033><290.5364><0~99~131~99~131~0~-329~-5~0.3152174~1~0~teethman~0.7061369~0.2474637~0.7061369~0.2706631~0.7061369~1~0.7061369~0.7556272, 
AmbientSounds: SPOT><Basic Mech.ogg><756.3309><163.8568><0.173913><1><328.3309><415.8568><-139.3553><-93.35535><0><0.5673915, SPOT><AM_IND-ElectricHum01.ogg><772.8277><294.1484><0.1847826><1><307.8277><424.1484><-35.35534><-35.35534><0><0.2413045, 
