Clouds: 0.1195652
Grime: 0.4347826
BkgDroneVolume: 0.2469565
EffectColorA: 0
EffectColorB: 21
Effects: SurfaceSandstorm-0.05413254-294.6229-74.78229, 
PlacedObjects: DataPearl><813.3064><267.6608><47~-255~0~0~Misc~0, Mushroom><332.5537><267.0225><-382~305~2~3, Mushroom><286.6581><295.7456><-336~211~2~3, Mushroom><318.854><289.3945><-348~119~2~3, CustomDecal><281.8593><89.08249><-37~497~637~500~583~-1~-151~-142~0.2934783~0.7391304~0~nosebleed~0.4187161~0.4878397~0~0.3093298~0.4099075~0.6847826~0~0.2010644, CustomDecal><730.3865><232.7757><64.99182~372.0655~-394.8574~374.248~-361.5178~0.2885132~-516.075~-310.5219~0.5026603~1~0~scavmark stonehead3~0.4664061~0.3789288~0.4586732~0.3015966~0.6597376~0.2087973~0.4122739~0.6495925, CustomDecal><530.1251><308.1561><4~55~99~27~66~-41~-133~-364~0.5869565~1~0~goblincrude~0.3221356~0.5213093~0.3221356~0.5213093~0.3221356~0.5213093~0.3221356~0.5213093, InsectGroup><733.8757><111.9067><-250~215~0~0~RockFlea~0.3695656, LanternOnStick><380.869><530.4835><-29.16971~-153.2791, LanternOnStick><920.6328><503.9133><-11.38342~-154.7021, LanternOnStick><744.4548><489.056><22.76672~-144.7416, LanternOnStick><553.1444><442.0396><-19.20941~-193.1209, CustomDecal><485.2979><473.1364><6.134338~40.05939~203.5845~17.75104~198.3312~-19.65631~-133~-364~0~0.0720102~0~scav wedges2~0.7293363~0.4253281~0.9226678~0.4253281~0.8221356~0.4253281~0.682937~0.4253281, CustomDecal><57><148><4~55~99~27~66~-41~-133~-364~0.5869565~1~0~goblincrude~0.3221356~0.5213093~0.3221356~0.5213093~0.3221356~0.5213093~0.3221356~0.5213093, CustomDecal><1075.444><395.6997><-9~101~-323~185~-348~1~-1169.194~-329.7313~0.423913~1~0~whitejunkarrows~0~0.5812839~0.3231657~0.5812839~0.5794384~0.5812839~0.371241~0.5812839, 
FadePalette: 35, 0.2010642
WetTerrain: OFF
