EffectColorA: 10
PlacedObjects: LanternOnStick><387.1493><625.4101><-21.9801~-138.3572, LanternOnStick><628.7086><425.5747><7.114746~-71.37772, LanternOnStick><361.5641><325.4088><18.49792~-67.11113, LanternOnStick><560.7639><692.7802><34.75104~-130.9111, LanternOnStick><415.4691><352.6252><-11.80609~-89.86664, CustomDecal><56.17249><28.3512><90~763~745~758~840~2~164~82~0~1~0~rustb2~0.3695652~1~0.3586957~1~0.4347826~1~0.25~1, CustomDecal><296.1094><109.0826><-106~183~483~274~362~-99~-342~248~0.6413044~1~0.4673913~pinkbubbly~0.2282609~0.7391304~0.3478261~0.6413044~0~0.7934783~0~0.8913044, CustomDecal><358.8478><570.3798><-101~180~327~299~372~-60~420~-331~0.6521739~1~0~big tag~0.3804348~0.4891304~0.5~0.4891304~0.3369565~0.4891304~0.5~0.4891304, CustomDecal><312.105><215.0797><-8~228~329~401~510~22~308.0001~67~0.6521739~1~0~ghostgraffiti~0.7065217~0.4456522~0.5108696~0.4456522~0.1413043~0.4456522~0.3586957~0.4456522, CustomDecal><184.3796><226.6597><3~50~239~50~230~-6~-316~-29~0~0.1413043~0~scav wedges2~0.4782609~0.25~0.6956522~0.25~0.4347826~0.25~0.4456522~0.25, CustomDecal><647><644><-4~65~187~61~190~-1~-307~-390~0~0.1521739~0.1521739~scav wedges2~0.6847826~0.3695652~0.4891304~0.2282609~0.1521739~0.2282609~0.4565217~0.2282609, CustomDecal><396><451><-5~202~217~213~217~-7~-307~-390~0.2826087~1~0.1521739~scavmark bigsun~0.5543478~0.3695652~0.5652174~0.5652174~0.2065217~0.2826087~0.326087~0.3043478, CustomDecal><381><80><-4~245~229~226~250~8~-442~171~0.2826087~1~0.1521739~scavmark bigsun~0.4891304~0.326087~0.07608695~0.4565217~0.08695652~0.25~0.173913~0.25, CustomDecal><451><366><33~119~172~72~120~-50~-316~-29~0.4565217~1~0~scavmark~0.4673913~0.326087~0.6739131~0.326087~0.5108696~0.326087~1~0.326087, CustomDecal><574><88.00001><-20~104~97~135~127~14~-316~-29~0.4565217~1~0~scavmark cross~0.2282609~0.4021739~0.3913043~0.4021739~0.1956522~0.4021739~0.4782609~0.4021739, 
FadePalette: 35, 0.203476
