Template: NONE
DangerType: Sandstorm
CeilingDrips: 0
WaveSpeed: 0.4973308
WaveLength: 0.9986654
WaveAmplitude: 0.02817086
SecondWaveLength: 0.1666667
SecondWaveAmplitude: 0
Clouds: 0.2608696
Grime: 0.1956522
Palette: 73
EffectColorA: 21
Effects: LightBurn-0.1847826-20-20, SandPuffs-1-116-55, 
FadePalette: 12, 0.2608696, 0.173913, 0.1195652, 0.09782609, 0.0326087
MorePalette0: 50, 0.1847826, 0.1304348, 0.09782609, 0.04347826, 0
