Template: NONE
Palette: 50
EffectColorA: 9
EffectColorB: 9
PlacedObjects: FloatingDebris><579.6099><3669.142><50~50~1134326818~0~30~1.108696~3~6~-20|-18~592|337~0.5|0.25~0|0~-1.13|-1.42~Stardust~1~0v1.06v0v0|0v2.73v0v0~0, FloatingDebris><221><2339.001><50~50~1438060575~16~30~1.108696~3~6~338|65~1460|-580~0.5|0.25~0|0~-1.13|-1.42~Stardust~1~0v1.06v0v0|0v2.73v0v0~0, 
FadePalette: 12, 0.3152174, 0.25, 0.173913, 0.06521739, 0.0326087
